Multiple size <= 100
TEST 1 ARG:21 10 68 22 40 23 11 7 32 26 78 8 44 41 76 66 4 98 9 88 33 59 19 75 61 1 79 92 89 43 73 84 90 65 39 47 74 0 50 15 36 29 53 38 34 85 27 60 56 99 81 96 69 45 42 82 51 72 25 20 35 62 31 63 12 46 83 13 48 17 71 95 97 87 37 55 94 70 16 64 91 54 5 2 80 30 67 18 86 28 52 6 57 58 3 49 93 24 77 14
TEST 1 ARG:21 10 68 22 40 23 11 7 32 26 78 8 44 41 76 66 4 98 9 88 33 59 19 75 61 1 79 92 89 43 73 84 90 65 39 47 74 0 50 15 36 29 53 38 34 85 27 60 56 99 81 96 69 45 42 82 51 72 25 20 35 62 31 63 12 46 83 13 48 17 71 95 97 87 37 55 94 70 16 64 91 54 5 2 80 30 67 18 86 28 52 6 57 58 3 49 93 24 77 14
TEST 2 ARG:19 88 12 94 10 15 1 95 5 41 64 26 85 47 28 59 45 2 22 91 44 89 67 83 78 36 27 79 14 81 50 71 17 53 97 30 57 66 84 68 73 24 4 6 21 9 40 52 90 55 96 43 18 87 33 56 92 16 13 0 34 8 54 61 74 70 29 25 42 82 60 38 32 31 65 46 62 11 93 72 7 35 77 48 49 51 20 3 58 76 63 99 69 98 80 23 86 39 37 75
TEST 2 ARG:19 88 12 94 10 15 1 95 5 41 64 26 85 47 28 59 45 2 22 91 44 89 67 83 78 36 27 79 14 81 50 71 17 53 97 30 57 66 84 68 73 24 4 6 21 9 40 52 90 55 96 43 18 87 33 56 92 16 13 0 34 8 54 61 74 70 29 25 42 82 60 38 32 31 65 46 62 11 93 72 7 35 77 48 49 51 20 3 58 76 63 99 69 98 80 23 86 39 37 75
TEST 3 ARG:31 48 34 47 93 57 23 6 0 22 74 77 14 49 95 15 94 78 86 29 44 67 51 54 43 1 26 3 37 12 90 91 56 50 81 38 19 79 24 36 40 83 32 99 45 69 84 46 7 10 64 66 88 75 52 39 80 72 27 62 96 65 8 89 58 60 92 13 41 70 11 71 28 98 4 53 20 68 42 73 17 18 85 5 33 55 97 9 2 25 16 21 82 87 35 61 76 59 30 63
TEST 3 ARG:31 48 34 47 93 57 23 6 0 22 74 77 14 49 95 15 94 78 86 29 44 67 51 54 43 1 26 3 37 12 90 91 56 50 81 38 19 79 24 36 40 83 32 99 45 69 84 46 7 10 64 66 88 75 52 39 80 72 27 62 96 65 8 89 58 60 92 13 41 70 11 71 28 98 4 53 20 68 42 73 17 18 85 5 33 55 97 9 2 25 16 21 82 87 35 61 76 59 30 63
TEST 4 ARG:1 34 5 56 29 21 11 77 60 49 18 94 67 81 27 74 28 3 0 82 61 86 59 4 76 98 14 39 96 85 66 62 93 73 37 99 19 80 8 47 58 35 12 83 92 40 41 75 50 65 22 78 90 26 45 7 54 88 2 46 97 36 91 52 87 33 69 25 79 55 72 16 64 57 30 53 17 48 51 32 24 44 95 71 6 68 20 38 23 13 84 9 31 89 63 70 43 10 42 15
TEST 4 ARG:1 34 5 56 29 21 11 77 60 49 18 94 67 81 27 74 28 3 0 82 61 86 59 4 76 98 14 39 96 85 66 62 93 73 37 99 19 80 8 47 58 35 12 83 92 40 41 75 50 65 22 78 90 26 45 7 54 88 2 46 97 36 91 52 87 33 69 25 79 55 72 16 64 57 30 53 17 48 51 32 24 44 95 71 6 68 20 38 23 13 84 9 31 89 63 70 43 10 42 15
TEST 5 ARG:86 66 84 99 5 30 76 52 35 63 62 31 74 50 9 43 81 68 16 61 11 55 20 41 18 95 38 29 0 3 1 42 53 14 7 37 78 58 65 39 70 17 46 36 47 8 45 6 88 67 97 96 2 79 22 57 44 83 28 12 21 87 15 27 64 59 40 72 13 94 26 56 25 71 85 49 34 82 91 19 10 33 73 23 69 54 60 77 51 4 92 32 48 98 75 93 90 89 80 24
TEST 5 ARG:86 66 84 99 5 30 76 52 35 63 62 31 74 50 9 43 81 68 16 61 11 55 20 41 18 95 38 29 0 3 1 42 53 14 7 37 78 58 65 39 70 17 46 36 47 8 45 6 88 67 97 96 2 79 22 57 44 83 28 12 21 87 15 27 64 59 40 72 13 94 26 56 25 71 85 49 34 82 91 19 10 33 73 23 69 54 60 77 51 4 92 32 48 98 75 93 90 89 80 24
TEST 6 ARG:39 98 23 56 53 31 71 33 62 81 46 42 21 32 17 30 22 11 18 67 50 15 70 14 90 57 88 91 27 41 86 77 20 80 93 4 54 26 7 72 68 44 10 49 84 59 51 1 12 95 73 74 34 64 76 99 2 48 38 5 85 40 61 47 0 83 58 45 19 6 8 60 52 3 35 75 89 28 94 97 29 43 36 96 79 69 82 13 65 24 37 9 66 25 55 87 92 16 78 63
TEST 6 ARG:39 98 23 56 53 31 71 33 62 81 46 42 21 32 17 30 22 11 18 67 50 15 70 14 90 57 88 91 27 41 86 77 20 80 93 4 54 26 7 72 68 44 10 49 84 59 51 1 12 95 73 74 34 64 76 99 2 48 38 5 85 40 61 47 0 83 58 45 19 6 8 60 52 3 35 75 89 28 94 97 29 43 36 96 79 69 82 13 65 24 37 9 66 25 55 87 92 16 78 63
TEST 7 ARG:80 76 34 98 14 7 65 40 41 75 37 94 17 90 46 10 38 72 92 5 74 96 87 91 97 21 60 3 79 77 70 4 66 27 67 69 95 55 93 11 24 82 18 30 0 31 78 71 20 52 9 13 39 83 44 49 29 59 28 54 2 81 1 42 88 35 58 86 51 62 25 16 23 73 26 12 53 15 64 85 56 48 33 50 32 6 68 19 89 61 43 63 36 47 57 84 22 45 99 8
TEST 7 ARG:80 76 34 98 14 7 65 40 41 75 37 94 17 90 46 10 38 72 92 5 74 96 87 91 97 21 60 3 79 77 70 4 66 27 67 69 95 55 93 11 24 82 18 30 0 31 78 71 20 52 9 13 39 83 44 49 29 59 28 54 2 81 1 42 88 35 58 86 51 62 25 16 23 73 26 12 53 15 64 85 56 48 33 50 32 6 68 19 89 61 43 63 36 47 57 84 22 45 99 8
TEST 8 ARG:40 95 93 42 83 38 70 27 82 81 23 89 44 10 29 7 90 52 91 28 41 4 15 87 36 33 69 88 85 24 60 65 43 13 25 97 73 34 37 86 16 39 59 62 61 80 74 84 47 56 94 11 35 49 99 2 76 71 8 45 19 22 54 68 53 57 66 78 6 72 50 5 1 79 21 51 98 17 26 14 67 96 31 32 12 18 9 63 0 46 77 30 3 20 64 58 55 75 48 92
TEST 8 ARG:40 95 93 42 83 38 70 27 82 81 23 89 44 10 29 7 90 52 91 28 41 4 15 87 36 33 69 88 85 24 60 65 43 13 25 97 73 34 37 86 16 39 59 62 61 80 74 84 47 56 94 11 35 49 99 2 76 71 8 45 19 22 54 68 53 57 66 78 6 72 50 5 1 79 21 51 98 17 26 14 67 96 31 32 12 18 9 63 0 46 77 30 3 20 64 58 55 75 48 92
TEST 9 ARG:58 24 66 92 99 55 19 84 7 72 2 45 12 0 74 1 37 81 34 93 96 40 77 43 9 65 8 69 54 48 52 57 75 18 85 10 30 33 90 16 26 39 38 61 14 44 23 53 3 63 49 15 64 46 4 17 29 36 27 25 28 79 98 80 78 87 67 62 88 89 82 91 50 59 97 13 47 68 71 5 11 31 70 95 83 32 35 76 42 86 21 20 51 94 73 60 22 41 56 6
TEST 9 ARG:58 24 66 92 99 55 19 84 7 72 2 45 12 0 74 1 37 81 34 93 96 40 77 43 9 65 8 69 54 48 52 57 75 18 85 10 30 33 90 16 26 39 38 61 14 44 23 53 3 63 49 15 64 46 4 17 29 36 27 25 28 79 98 80 78 87 67 62 88 89 82 91 50 59 97 13 47 68 71 5 11 31 70 95 83 32 35 76 42 86 21 20 51 94 73 60 22 41 56 6
TEST 10 ARG:55 75 90 25 43 49 34 71 67 79 70 87 16 48 17 59 85 81 38 61 66 93 23 18 47 88 72 74 62 33 42 98 99 21 24 36 82 94 27 54 13 14 64 96 31 57 89 50 2 10 15 3 8 91 41 53 56 52 84 92 4 7 29 80 73 65 58 40 1 45 69 95 26 68 9 63 37 22 19 5 51 77 12 30 60 44 28 97 35 20 86 76 11 32 6 83 0 46 39 78
TEST 10 ARG:55 75 90 25 43 49 34 71 67 79 70 87 16 48 17 59 85 81 38 61 66 93 23 18 47 88 72 74 62 33 42 98 99 21 24 36 82 94 27 54 13 14 64 96 31 57 89 50 2 10 15 3 8 91 41 53 56 52 84 92 4 7 29 80 73 65 58 40 1 45 69 95 26 68 9 63 37 22 19 5 51 77 12 30 60 44 28 97 35 20 86 76 11 32 6 83 0 46 39 78
TEST 11 ARG:69 39 92 1 87 32 49 96 93 6 71 13 43 74 68 4 75 23 45 66 47 53 55 85 48 37 76 91 31 46 29 65 7 40 44 51 59 77 25 42 61 58 90 83 36 88 52 60 11 14 0 27 84 50 10 64 18 9 24 72 19 81 35 16 30 86 34 70 17 80 78 73 79 20 99 22 94 26 38 54 97 21 82 33 41 89 12 5 95 98 3 63 15 56 62 8 57 2 67 28
TEST 11 ARG:69 39 92 1 87 32 49 96 93 6 71 13 43 74 68 4 75 23 45 66 47 53 55 85 48 37 76 91 31 46 29 65 7 40 44 51 59 77 25 42 61 58 90 83 36 88 52 60 11 14 0 27 84 50 10 64 18 9 24 72 19 81 35 16 30 86 34 70 17 80 78 73 79 20 99 22 94 26 38 54 97 21 82 33 41 89 12 5 95 98 3 63 15 56 62 8 57 2 67 28
TEST 12 ARG:40 17 62 42 36 81 52 67 92 45 19 39 25 89 97 68 83 86 94 61 98 46 29 73 88 50 91 47 70 16 9 76 5 80 96 56 13 93 72 64 35 12 32 1 59 49 44 58 24 21 28 84 30 37 8 0 74 69 6 27 11 71 85 95 77 79 34 66 75 31 57 82 55 51 65 22 15 48 4 20 7 53 90 43 99 26 63 38 2 41 18 14 3 54 33 23 60 87 10 78
TEST 12 ARG:40 17 62 42 36 81 52 67 92 45 19 39 25 89 97 68 83 86 94 61 98 46 29 73 88 50 91 47 70 16 9 76 5 80 96 56 13 93 72 64 35 12 32 1 59 49 44 58 24 21 28 84 30 37 8 0 74 69 6 27 11 71 85 95 77 79 34 66 75 31 57 82 55 51 65 22 15 48 4 20 7 53 90 43 99 26 63 38 2 41 18 14 3 54 33 23 60 87 10 78
TEST 13 ARG:2 79 42 43 58 17 14 59 56 23 95 45 0 6 52 69 89 71 99 93 92 87 64 81 19 66 74 51 61 25 7 76 73 57 15 30 28 38 32 4 37 63 62 60 75 77 54 55 20 12 35 48 78 18 39 47 65 85 10 33 80 24 34 82 41 70 1 50 29 96 88 26 67 27 90 40 3 83 31 8 5 44 21 16 22 68 84 9 97 49 46 94 91 13 72 53 98 11 86 36
TEST 13 ARG:2 79 42 43 58 17 14 59 56 23 95 45 0 6 52 69 89 71 99 93 92 87 64 81 19 66 74 51 61 25 7 76 73 57 15 30 28 38 32 4 37 63 62 60 75 77 54 55 20 12 35 48 78 18 39 47 65 85 10 33 80 24 34 82 41 70 1 50 29 96 88 26 67 27 90 40 3 83 31 8 5 44 21 16 22 68 84 9 97 49 46 94 91 13 72 53 98 11 86 36
TEST 14 ARG:48 77 11 9 68 45 30 67 16 73 4 96 33 74 37 42 70 54 38 18 23 12 51 27 25 79 99 21 10 78 29 82 26 95 24 6 83 76 87 75 44 69 46 1 59 62 0 84 53 93 20 56 58 13 85 60 57 17 47 5 43 65 61 50 98 64 40 36 72 3 49 52 71 81 90 35 39 22 97 86 91 80 66 7 34 31 92 14 55 94 41 28 88 89 15 63 2 32 8 19
TEST 14 ARG:48 77 11 9 68 45 30 67 16 73 4 96 33 74 37 42 70 54 38 18 23 12 51 27 25 79 99 21 10 78 29 82 26 95 24 6 83 76 87 75 44 69 46 1 59 62 0 84 53 93 20 56 58 13 85 60 57 17 47 5 43 65 61 50 98 64 40 36 72 3 49 52 71 81 90 35 39 22 97 86 91 80 66 7 34 31 92 14 55 94 41 28 88 89 15 63 2 32 8 19
TEST 15 ARG:86 91 71 27 70 68 0 50 77 55 61 35 39 42 83 53 58 36 49 67 17 63 10 45 93 31 88 28 73 20 97 98 19 54 43 66 62 25 18 85 79 69 33 72 89 4 21 80 38 60 8 14 13 52 76 95 26 3 94 16 6 23 41 11 81 15 82 2 47 46 30 90 59 1 65 12 32 5 75 56 29 34 7 51 78 99 9 74 96 48 44 87 37 57 24 92 64 40 22 84
TEST 15 ARG:86 91 71 27 70 68 0 50 77 55 61 35 39 42 83 53 58 36 49 67 17 63 10 45 93 31 88 28 73 20 97 98 19 54 43 66 62 25 18 85 79 69 33 72 89 4 21 80 38 60 8 14 13 52 76 95 26 3 94 16 6 23 41 11 81 15 82 2 47 46 30 90 59 1 65 12 32 5 75 56 29 34 7 51 78 99 9 74 96 48 44 87 37 57 24 92 64 40 22 84
TEST 16 ARG:70 7 86 71 30 96 13 38 55 54 16 99 32 77 43 80 24 34 62 23 18 40 6 83 17 78 51 67 36 98 69 64 60 95 12 92 26 35 20 9 89 65 63 28 91 10 15 19 57 14 8 21 79 33 5 76 31 88 59 85 61 81 72 87 11 46 48 41 2 66 27 25 58 90 47 45 53 44 56 74 49 3 29 37 94 0 1 73 39 22 68 97 42 75 52 50 93 82 84 4
TEST 16 ARG:70 7 86 71 30 96 13 38 55 54 16 99 32 77 43 80 24 34 62 23 18 40 6 83 17 78 51 67 36 98 69 64 60 95 12 92 26 35 20 9 89 65 63 28 91 10 15 19 57 14 8 21 79 33 5 76 31 88 59 85 61 81 72 87 11 46 48 41 2 66 27 25 58 90 47 45 53 44 56 74 49 3 29 37 94 0 1 73 39 22 68 97 42 75 52 50 93 82 84 4
TEST 17 ARG:25 28 77 67 74 73 96 21 81 36 75 89 22 51 94 5 18 84 40 64 4 41 45 30 79 46 31 10 1 24 23 95 42 52 63 29 27 16 85 71 68 82 98 88 15 49 78 86 55 59 3 0 19 57 9 38 56 50 35 26 83 11 12 20 33 34 44 76 48 72 87 80 32 58 8 61 93 13 7 70 99 39 54 92 69 53 17 97 60 37 47 14 90 65 62 2 43 66 91 6
TEST 17 ARG:25 28 77 67 74 73 96 21 81 36 75 89 22 51 94 5 18 84 40 64 4 41 45 30 79 46 31 10 1 24 23 95 42 52 63 29 27 16 85 71 68 82 98 88 15 49 78 86 55 59 3 0 19 57 9 38 56 50 35 26 83 11 12 20 33 34 44 76 48 72 87 80 32 58 8 61 93 13 7 70 99 39 54 92 69 53 17 97 60 37 47 14 90 65 62 2 43 66 91 6
TEST 18 ARG:59 53 29 9 48 30 42 88 79 78 69 16 44 25 24 90 51 97 46 67 71 98 83 31 38 81 14 74 55 96 77 84 39 56 26 62 35 65 75 36 20 6 41 28 11 17 10 4 13 85 82 92 54 95 70 86 19 7 94 32 8 27 1 89 18 64 43 93 3 22 72 33 47 50 99 66 12 45 49 52 80 15 0 21 40 23 91 37 60 34 76 57 61 5 63 87 58 73 68 2
TEST 18 ARG:59 53 29 9 48 30 42 88 79 78 69 16 44 25 24 90 51 97 46 67 71 98 83 31 38 81 14 74 55 96 77 84 39 56 26 62 35 65 75 36 20 6 41 28 11 17 10 4 13 85 82 92 54 95 70 86 19 7 94 32 8 27 1 89 18 64 43 93 3 22 72 33 47 50 99 66 12 45 49 52 80 15 0 21 40 23 91 37 60 34 76 57 61 5 63 87 58 73 68 2
TEST 19 ARG:17 75 94 46 53 50 24 49 89 70 57 42 41 55 26 91 23 52 1 35 63 68 33 11 3 4 19 39 81 22 99 37 83 96 34 86 77 97 51 16 30 27 21 60 80 8 85 18 84 12 5 56 74 32 76 7 15 67 73 61 36 40 31 14 44 95 29 64 90 72 93 62 87 79 2 82 48 6 20 71 43 54 69 13 28 25 9 59 65 98 38 0 92 88 78 66 10 45 58 47
TEST 19 ARG:17 75 94 46 53 50 24 49 89 70 57 42 41 55 26 91 23 52 1 35 63 68 33 11 3 4 19 39 81 22 99 37 83 96 34 86 77 97 51 16 30 27 21 60 80 8 85 18 84 12 5 56 74 32 76 7 15 67 73 61 36 40 31 14 44 95 29 64 90 72 93 62 87 79 2 82 48 6 20 71 43 54 69 13 28 25 9 59 65 98 38 0 92 88 78 66 10 45 58 47
TEST 20 ARG:35 41 76 82 95 13 56 57 68 98 84 11 80 97 91 8 74 23 34 27 17 42 79 24 49 69 51 4 87 60 38 93 92 85 64 77 48 45 25 20 22 9 53 1 7 86 66 70 6 30 61 94 83 50 5 31 65 71 39 26 15 2 3 37 46 89 33 52 47 58 78 21 81 96 99 54 18 16 73 63 14 12 67 62 29 88 32 10 59 36 43 90 72 75 0 28 19 40 44 55
TEST 20 ARG:35 41 76 82 95 13 56 57 68 98 84 11 80 97 91 8 74 23 34 27 17 42 79 24 49 69 51 4 87 60 38 93 92 85 64 77 48 45 25 20 22 9 53 1 7 86 66 70 6 30 61 94 83 50 5 31 65 71 39 26 15 2 3 37 46 89 33 52 47 58 78 21 81 96 99 54 18 16 73 63 14 12 67 62 29 88 32 10 59 36 43 90 72 75 0 28 19 40 44 55
TEST 21 ARG:88 30 79 92 99 49 28 84 11 24 5 29 87 36 72 70 8 15 71 0 80 93 51 38 89 14 32 52 18 82 40 43 48 26 60 81 37 16 33 62 98 4 54 7 53 97 73 64 23 69 57 94 85 76 50 27 86 12 13 90 34 19 78 91 95 68 56 22 1 10 59 17 46 75 2 47 42 35 6 41 55 25 58 31 96 3 63 9 21 44 83 66 77 45 61 74 39 65 67 20
TEST 21 ARG:88 30 79 92 99 49 28 84 11 24 5 29 87 36 72 70 8 15 71 0 80 93 51 38 89 14 32 52 18 82 40 43 48 26 60 81 37 16 33 62 98 4 54 7 53 97 73 64 23 69 57 94 85 76 50 27 86 12 13 90 34 19 78 91 95 68 56 22 1 10 59 17 46 75 2 47 42 35 6 41 55 25 58 31 96 3 63 9 21 44 83 66 77 45 61 74 39 65 67 20
TEST 22 ARG:92 99 52 17 69 8 44 50 93 26 88 31 23 74 68 49 39 81 3 38 35 75 85 29 70 24 96 72 97 14 73 63 40 9 56 10 77 65 25 5 82 27 90 13 45 71 51 62 47 54 86 2 98 66 41 48 79 89 84 59 21 37 87 1 43 58 55 60 53 94 19 32 67 83 6 78 76 4 64 16 91 11 46 18 80 34 57 95 0 20 36 42 15 7 33 61 22 12 30 28
TEST 22 ARG:92 99 52 17 69 8 44 50 93 26 88 31 23 74 68 49 39 81 3 38 35 75 85 29 70 24 96 72 97 14 73 63 40 9 56 10 77 65 25 5 82 27 90 13 45 71 51 62 47 54 86 2 98 66 41 48 79 89 84 59 21 37 87 1 43 58 55 60 53 94 19 32 67 83 6 78 76 4 64 16 91 11 46 18 80 34 57 95 0 20 36 42 15 7 33 61 22 12 30 28
TEST 23 ARG:89 80 57 54 15 40 14 44 27 97 92 34 73 7 43 2 78 35 84 58 39 20 60 91 50 9 76 86 25 69 30 5 88 96 53 8 65 29 55 33 42 70 81 26 37 48 4 90 85 74 47 32 21 99 6 52 1 95 51 45 56 12 93 18 61 64 98 94 17 11 41 3 46 19 13 66 24 87 28 83 68 0 16 62 63 72 79 22 59 75 10 38 71 23 36 49 31 77 82 67
TEST 23 ARG:89 80 57 54 15 40 14 44 27 97 92 34 73 7 43 2 78 35 84 58 39 20 60 91 50 9 76 86 25 69 30 5 88 96 53 8 65 29 55 33 42 70 81 26 37 48 4 90 85 74 47 32 21 99 6 52 1 95 51 45 56 12 93 18 61 64 98 94 17 11 41 3 46 19 13 66 24 87 28 83 68 0 16 62 63 72 79 22 59 75 10 38 71 23 36 49 31 77 82 67
TEST 24 ARG:20 29 91 25 9 7 89 6 59 26 46 30 47 71 49 0 81 67 8 31 34 32 69 44 39 2 99 33 75 15 5 73 22 58 54 23 68 96 3 72 57 66 87 70 92 56 77 53 86 51 78 85 21 88 36 27 63 50 90 55 35 61 38 43 80 65 48 79 76 74 45 84 14 40 94 41 13 18 4 12 24 60 10 42 97 17 37 62 11 82 1 64 83 28 16 52 98 93 95 19
TEST 24 ARG:20 29 91 25 9 7 89 6 59 26 46 30 47 71 49 0 81 67 8 31 34 32 69 44 39 2 99 33 75 15 5 73 22 58 54 23 68 96 3 72 57 66 87 70 92 56 77 53 86 51 78 85 21 88 36 27 63 50 90 55 35 61 38 43 80 65 48 79 76 74 45 84 14 40 94 41 13 18 4 12 24 60 10 42 97 17 37 62 11 82 1 64 83 28 16 52 98 93 95 19
TEST 25 ARG:67 93 0 77 85 36 47 70 92 89 31 26 96 6 87 9 16 88 74 32 15 94 38 46 17 29 75 11 84 20 52 49 12 43 35 53 33 72 21 82 3 99 61 65 60 22 68 64 97 13 73 78 44 63 50 2 45 37 56 91 48 10 58 40 76 51 90 59 1 23 66 98 41 81 14 54 27 79 69 30 39 83 25 86 34 5 55 71 57 95 80 8 62 24 42 18 4 19 28 7
TEST 25 ARG:67 93 0 77 85 36 47 70 92 89 31 26 96 6 87 9 16 88 74 32 15 94 38 46 17 29 75 11 84 20 52 49 12 43 35 53 33 72 21 82 3 99 61 65 60 22 68 64 97 13 73 78 44 63 50 2 45 37 56 91 48 10 58 40 76 51 90 59 1 23 66 98 41 81 14 54 27 79 69 30 39 83 25 86 34 5 55 71 57 95 80 8 62 24 42 18 4 19 28 7
TEST 26 ARG:6 81 60 34 28 87 65 33 27 39 73 15 88 68 18 90 63 86 29 99 64 21 4 77 36 8 58 53 42 94 97 5 1 20 14 70 57 11 2 49 72 56 98 52 40 7 10 3 43 38 0 35 85 22 37 82 48 66 24 84 67 61 26 32 59 54 89 31 17 51 47 30 25 79 62 83 96 16 41 50 76 13 74 46 71 45 23 80 44 12 78 69 95 91 92 9 19 55 93 75
TEST 26 ARG:6 81 60 34 28 87 65 33 27 39 73 15 88 68 18 90 63 86 29 99 64 21 4 77 36 8 58 53 42 94 97 5 1 20 14 70 57 11 2 49 72 56 98 52 40 7 10 3 43 38 0 35 85 22 37 82 48 66 24 84 67 61 26 32 59 54 89 31 17 51 47 30 25 79 62 83 96 16 41 50 76 13 74 46 71 45 23 80 44 12 78 69 95 91 92 9 19 55 93 75
TEST 27 ARG:62 74 84 76 48 79 17 69 9 46 50 85 14 94 39 12 8 23 28 38 42 93 41 24 43 56 58 4 22 34 32 29 99 72 40 68 92 86 95 27 36 15 31 20 82 54 78 33 10 98 75 45 51 52 70 91 73 7 55 5 19 49 71 96 88 57 67 13 2 61 18 60 63 1 0 80 65 37 16 66 97 87 47 59 89 64 81 26 3 30 44 25 35 90 53 77 83 21 11 6
TEST 27 ARG:62 74 84 76 48 79 17 69 9 46 50 85 14 94 39 12 8 23 28 38 42 93 41 24 43 56 58 4 22 34 32 29 99 72 40 68 92 86 95 27 36 15 31 20 82 54 78 33 10 98 75 45 51 52 70 91 73 7 55 5 19 49 71 96 88 57 67 13 2 61 18 60 63 1 0 80 65 37 16 66 97 87 47 59 89 64 81 26 3 30 44 25 35 90 53 77 83 21 11 6
